ttyp1004	610101141	001	0
ttyp1006	610724004	001	0
ttyp1007	610724002	001	0
ttyp1005	610431004	001	0
ttyp1010	610101078	001	0
ttyp1012	610101135	001	0
ttyp1013	610424014	001	0
ttyp1014	610101075	001	0
ttyp1015	610101136	001	0
ttyp1019	610101136	001	0
ttyp1020	610101136	001	0
ttyp1689	610101049	001	0
ttyp1683	610101049	001	0
ttyp3785	610925002	001	0
ttyp1037	610101069	001	0
ttyp1038	610101067	001	0
ttyp1039	610101067	001	0
ttyp1040	610101067	001	0
ttyp1041	610101074	001	0
ttyp1676	610101049	001	0
ttyp1044	610101075	001	0
ttyp1045	610101079	001	0
ttyp1075	610322005	001	0
ttyp1054	610101035	001	0
ttyp1056	610101050	001	0
ttyp1192	610629004	001	0
ttyp1058	610101026	001	0
ttyp1059	610101030	001	0
ttyp1060	610101027	001	0
ttyp1061	610101057	001	0
ttyp1190	610629002	001	0
ttyp1186	610621001	001	0
ttyp1064	610621001	001	0
ttyp1067	610101032	001	0
ttyp4705	610929002	001	0
ttyp1047	610501901	001	0
ttyp1076	610101036	001	0
ttyp1077	610101033	001	0
ttyp1080	610101025	001	0
ttyp1073	610101025	001	0
ttyp1086	610101027	001	0
ttyp1087	610101046	001	0
ttyp1088	610101054	001	0
ttyp1090	610127003	001	0
ttyp1095	610101125	001	0
ttyp1097	610101119	001	0
ttyp1100	610101117	001	0
ttyp1104	610101054	001	0
ttyp1105	610101117	001	0
ttyp1106	610101119	001	0
ttyp1107	610101111	001	0
ttyp1108	610101111	001	0
ttyp1109	610101111	001	0
ttyp3872	610724005	001	0
ttyp3871	610724007	001	0
ttyp1526	610726011	001	0
ttyp1121	610101130	001	0
ttyp1122	610114007	001	0
ttyp1123	610101127	001	0
ttyp1305	610322007	001	0
ttyp3870	610724011	001	0
ttyp1128	610101051	001	0
ttyp1131	610101030	001	0
ttyp1132	610101142	001	0
ttyp1133	610101026	001	0
ttyp1134	610101602	001	0
ttyp1135	610101106	001	0
ttyp1136	610101137	001	0
ttyp1137	610101102	001	0
ttyp1139	610101062	001	0
ttyp1141	610101094	001	0
ttyp1955	610323002	001	0
ttyp1147	610101102	001	0
ttyp1149	610101086	001	0
ttyp1151	610101097	001	0
ttyp1156	610101046	001	0
ttyp2594	610323011	001	0
ttyp2495	610323002	001	0
ttyp1167	610101096	001	0
ttyp1168	610101080	001	0
ttyp3757	610929005	001	0
ttyp1623	610323003	001	0
ttyp1174	610101087	001	0
ttyp1175	610101059	001	0
ttyp1177	610101094	001	0
ttyp1179	610101062	001	0
ttyp1180	610101043	001	0
ttyp3755	610921004	001	0
ttyp1182	610124016	001	0
ttyp1183	610125017	001	0
ttyp1184	610125016	001	0
ttyp1217	610101125	001	0
ttyp4513	610522003	001	0
ttyp3746	610925001	001	0
ttyp1191	610115015	001	0
ttyp1618	610425007	001	0
ttyp1193	610125014	001	0
ttyp1197	610126006	001	0
ttyp1603	610101028	001	0
ttyp1199	610115605	001	0
ttyp1201	610115000	001	0
ttyp1202	610101033	001	0
ttyp1205	610114000	001	0
ttyp1206	610114005	001	0
ttyp1406	610101074	001	0
ttyp1211	610122001	001	0
ttyp1212	610114002	001	0
ttyp1213	610122601	001	0
ttyp1214	610125011	001	0
ttyp1216	610125002	001	0
ttyp1598	611001008	001	0
ttyp1218	610114007	001	0
ttyp1221	610114007	001	0
ttyp1222	610114007	001	0
ttyp1223	610125019	001	0
ttyp1249	610126004	001	0
ttyp1225	610115000	001	0
ttyp1226	610126000	001	0
ttyp1227	610101109	001	0
ttyp1234	610101126	001	0
ttyp4512	610632010	001	0
ttyp1237	610101109	001	0
ttyp1240	610101107	001	0
ttyp1241	610101107	001	0
ttyp1242	610101123	001	0
ttyp1243	610101123	001	0
ttyp1244	610101109	001	0
ttyp1246	610116017	001	0
ttyp1247	610116017	001	0
ttyp1248	610116000	001	0
ttyp1252	610116026	001	0
ttyp1254	610116001	001	0
ttyp1255	610101126	001	0
ttyp1258	610116006	001	0
ttyp1259	610116004	001	0
ttyp1261	610116001	001	0
ttyp1262	610116024	001	0
ttyp1492	610101084	001	0
ttyp1267	610116007	001	0
ttyp1268	610101036	001	0
ttyp1269	610127003	001	0
ttyp1270	610101602	001	0
ttyp1271	610101056	001	0
ttyp1272	610101056	001	0
ttyp1274	610101035	001	0
ttyp1276	610101142	001	0
ttyp1278	610101142	001	0
ttyp1083	610101025	001	0
ttyp1280	610101044	001	0
ttyp3869	610724012	001	0
ttyp1282	610101048	001	0
ttyp1283	610301017	001	0
ttyp1284	610101045	001	0
ttyp1285	610101046	001	0
ttyp1286	610101045	001	0
ttyp1287	610101032	001	0
ttyp1288	610101040	001	0
ttyp1289	610101056	001	0
ttyp1290	610101007	001	0
ttyp1291	610101032	001	0
ttyp1292	610101128	001	0
ttyp1293	610101055	001	0
ttyp1294	610101036	001	0
ttyp1298	610101042	001	0
ttyp1057	610632002	001	0
ttyp1300	610101032	001	0
ttyp1301	610101007	001	0
ttyp1124	610322008	001	0
ttyp1308	610127000	001	0
ttyp1309	610101050	001	0
ttyp1310	610101030	001	0
ttyp1311	610101046	001	0
ttyp1312	610101007	001	0
ttyp1314	610101041	001	0
ttyp1316	610101010	001	0
ttyp1319	610101013	001	0
ttyp1321	610101024	001	0
ttyp1324	610101010	001	0
ttyp1327	610122006	001	0
ttyp1329	610122000	001	0
ttyp1330	610122000	001	0
ttyp1365	610301023	001	0
ttyp1332	610114004	001	0
ttyp1333	610114008	001	0
ttyp1336	610101018	001	0
ttyp1337	610114007	001	0
ttyp1338	610101042	001	0
ttyp1339	610101032	001	0
ttyp1340	610101034	001	0
ttyp1228	610629008	001	0
ttyp1198	610629012	001	0
ttyp1346	610101016	001	0
ttyp1348	610101036	001	0
ttyp1349	610101018	001	0
ttyp1350	610101006	001	0
ttyp1353	610101017	001	0
ttyp1355	610101014	001	0
ttyp1359	610115004	001	0
ttyp1360	610115013	001	0
ttyp1361	610115602	001	0
ttyp1362	610115602	001	0
ttyp1363	610115015	001	0
ttyp1364	610115010	001	0
ttyp1764	610728009	001	0
ttyp1366	610116028	001	0
ttyp1367	610115011	001	0
ttyp1368	610115606	001	0
ttyp1369	610115004	001	0
ttyp1371	610116005	001	0
ttyp1372	610116017	001	0
ttyp1376	610115012	001	0
ttyp1377	610115000	001	0
ttyp1378	610115002	001	0
ttyp1379	610115603	001	0
ttyp1380	610115000	001	0
ttyp1381	610115006	001	0
ttyp1382	610115011	001	0
ttyp1384	610115008	001	0
ttyp1385	610115604	001	0
ttyp1386	610115000	001	0
ttyp1387	610115608	001	0
ttyp1388	610115006	001	0
ttyp1389	610115005	001	0
ttyp1390	610115003	001	0
ttyp1391	610115000	001	0
ttyp1392	610115000	001	0
ttyp1393	610115607	001	0
ttyp1394	610116001	001	0
ttyp1395	610115003	001	0
ttyp1397	610116000	001	0
ttyp1398	610116015	001	0
ttyp2629	610116025	001	0
ttyp1400	610116027	001	0
ttyp1401	610116027	001	0
ttyp1403	610116018	001	0
ttyp1404	610116028	001	0
ttyp1856	610728002	001	0
ttyp1412	610116010	001	0
ttyp1413	610116004	001	0
ttyp1414	610116000	001	0
ttyp3847	610101088	001	0
ttyp1416	610116000	001	0
ttyp1418	610116015	001	0
ttyp1419	610116011	001	0
ttyp1421	610116025	001	0
ttyp1422	610116027	001	0
ttyp1424	610116000	001	0
ttyp1425	610101605	001	0
ttyp1426	610116024	001	0
ttyp1427	610116007	001	0
ttyp1428	610116000	001	0
ttyp1431	610124011	001	0
ttyp1432	610116010	001	0
ttyp1433	610122005	001	0
ttyp1434	610122005	001	0
ttyp1435	610122004	001	0
ttyp1436	610122007	001	0
ttyp1437	610122006	001	0
ttyp1440	610124006	001	0
ttyp1441	610122004	001	0
ttyp1442	610122013	001	0
ttyp1443	610122008	001	0
ttyp1444	610122009	001	0
ttyp1445	610122010	001	0
ttyp1446	610122003	001	0
ttyp1447	610122003	001	0
ttyp1448	610122006	001	0
ttyp1449	610122007	001	0
ttyp1450	610122602	001	0
ttyp1451	610126000	001	0
ttyp1452	610126000	001	0
ttyp1453	610126000	001	0
ttyp1455	610126000	001	0
ttyp1456	610126000	001	0
ttyp1457	610114002	001	0
ttyp1458	610126000	001	0
ttyp1459	610122010	001	0
ttyp1351	610301023	001	0
ttyp1461	610122602	001	0
ttyp1462	610122014	001	0
ttyp1463	610122015	001	0
ttyp1464	610122009	001	0
ttyp1465	610122008	001	0
ttyp1466	610122003	001	0
ttyp1467	610122002	001	0
ttyp1468	610114005	001	0
ttyp1470	610124002	001	0
ttyp1471	610114006	001	0
ttyp1472	610124005	001	0
ttyp1473	610124009	001	0
ttyp1474	610126019	001	0
ttyp1475	610126002	001	0
ttyp1477	610124012	001	0
ttyp3831	610101088	001	0
ttyp1481	610124012	001	0
ttyp1483	610124015	001	0
ttyp3817	610101088	001	0
ttyp1487	610116014	001	0
ttyp1488	610124012	001	0
ttyp1489	610125009	001	0
ttyp1490	610124002	001	0
ttyp1491	610114006	001	0
ttyp3854	610929002	001	0
ttyp1343	610701007	001	0
ttyp1494	610114008	001	0
ttyp1841	610426001	001	0
ttyp1840	610922007	001	0
ttyp1204	610424012	001	0
ttyp1499	610114004	001	0
ttyp1500	610125002	001	0
ttyp1501	610125018	004	0
ttyp1502	610125013	001	0
ttyp1503	610125010	001	0
ttyp1504	610125002	001	0
ttyp1505	610124004	001	0
ttyp1155	610101090	001	0
ttyp1508	610101101	001	0
ttyp1749	610728013	001	0
ttyp1512	610101082	001	0
ttyp1513	610101082	001	0
ttyp1514	610101075	001	0
ttyp1515	610101069	001	0
ttyp1516	610101101	001	0
ttyp1517	610101102	001	0
ttyp1518	610101095	001	0
ttyp1519	610101086	001	0
ttyp1521	610101082	001	0
ttyp1522	610101081	001	0
ttyp1625	610101093	001	0
ttyp1525	610821005	001	0
ttyp1527	610101091	001	0
ttyp1530	610101094	001	0
ttyp1531	610101141	001	0
ttyp1068	610728007	001	0
ttyp1535	610101063	001	0
ttyp1538	610101088	001	0
ttyp1539	610101087	001	0
ttyp1540	610101104	001	0
ttyp1541	610101101	001	0
ttyp1542	610101102	001	0
ttyp1544	610101149	001	0
ttyp1545	610101071	001	0
ttyp1546	610101066	001	0
ttyp1547	610101077	001	0
ttyp1081	610728014	001	0
ttyp1740	610728008	001	0
ttyp1009	610726002	001	0
ttyp1556	610101063	001	0
ttyp1008	610724005	001	0
ttyp1562	610101069	001	0
ttyp1721	610922004	001	0
ttyp1564	610101073	001	0
ttyp1565	610101077	001	0
ttyp1569	610101079	001	0
ttyp1570	610101128	001	0
ttyp1571	610101087	001	0
ttyp1574	610101066	001	0
ttyp1577	610101065	001	0
ttyp1578	610101150	001	0
ttyp1579	610101065	001	0
ttyp1580	610101124	001	0
ttyp1583	610101136	001	0
ttyp1584	610101126	001	0
ttyp1586	610101122	001	0
ttyp1146	610728010	001	0
ttyp1589	610101139	001	0
ttyp1593	610101113	001	0
ttyp1594	610101607	001	0
ttyp1597	610116002	001	0
ttyp1601	610101605	001	0
ttyp1114	610728012	001	0
ttyp1605	610101129	001	0
ttyp1606	610101122	001	0
ttyp1608	610116027	001	0
ttyp1610	610116001	001	0
ttyp1614	610101058	001	0
ttyp1615	610101089	001	0
ttyp1510	610525006	001	0
ttyp1619	610101128	001	0
ttyp1620	610101130	001	0
ttyp1621	610101060	001	0
ttyp1622	610101058	001	0
ttyp2593	610323011	001	0
ttyp1624	610101137	001	0
ttyp1511	610726012	001	0
ttyp1626	610101058	001	0
ttyp1627	610101135	001	0
ttyp1524	610101093	001	0
ttyp1631	610101059	001	0
ttyp1632	610101096	001	0
ttyp1633	610101092	001	0
ttyp1634	610101104	001	0
ttyp1635	610101104	001	0
ttyp1636	610101059	001	0
ttyp1637	610101060	001	0
ttyp1638	610101114	001	0
ttyp1642	610101114	001	0
ttyp1643	610101010	001	0
ttyp1645	610101034	001	0
ttyp1646	610101120	001	0
ttyp1647	610116000	001	0
ttyp1648	610125000	004	0
ttyp1649	610101082	001	0
ttyp1650	610101120	001	0
ttyp1651	610101100	001	0
ttyp1652	610101120	001	0
ttyp1654	610125019	004	0
ttyp1656	610125013	001	0
ttyp1657	610115009	004	0
ttyp1658	610101114	001	0
ttyp1659	610125006	001	0
ttyp1660	610116011	001	0
ttyp1661	610125007	001	0
ttyp1667	610124003	001	0
ttyp1668	610124005	001	0
ttyp1669	610101078	001	0
ttyp1673	610115007	003	0
ttyp1674	610126003	001	0
ttyp1675	610101147	001	0
ttyp3791	610901015	001	0
ttyp1677	610125010	001	0
ttyp1678	610125005	001	0
ttyp1679	610101063	001	0
ttyp1680	610125014	001	0
ttyp1599	611001015	001	0
ttyp1682	610125015	001	0
ttyp1684	610124012	001	0
ttyp1685	610115002	003	0
ttyp1686	610115008	001	0
ttyp1687	610115003	003	0
ttyp1693	610116018	001	0
ttyp1694	610116018	001	0
ttyp1695	610115015	001	0
ttyp1696	610116000	003	0
ttyp1697	610115004	001	0
ttyp1698	610116012	001	0
ttyp1699	610116000	003	0
ttyp1701	610116022	001	0
ttyp1702	610116029	001	0
ttyp1703	610116015	003	0
ttyp1706	610116013	001	0
ttyp1707	610116012	001	0
ttyp1708	610116022	001	0
ttyp1711	610116014	001	0
ttyp1712	610126004	001	0
ttyp1224	610101125	001	0
ttyp1714	610128008	003	0
ttyp1715	610128008	003	0
ttyp1717	610128008	003	0
ttyp1718	610125003	001	0
ttyp1208	610101092	001	0
ttyp1720	610125019	001	0
ttyp1207	610101089	001	0
ttyp1722	610125019	001	0
ttyp1723	610125019	001	0
ttyp1724	610126007	001	0
ttyp1725	610115014	001	0
ttyp1727	610125009	001	0
ttyp1729	610124007	001	0
ttyp1730	610124004	001	0
ttyp1731	610124008	001	0
ttyp1732	610124009	001	0
ttyp1733	610124010	001	0
ttyp1734	610124017	001	0
ttyp1154	610101090	001	0
ttyp1142	610101090	001	0
ttyp1737	610115000	001	0
ttyp1738	610115000	001	0
ttyp1739	610101095	001	0
ttyp1741	610101016	001	0
ttyp1742	610101901	901	0
ttyp1743	610101901	001	0
ttyp1748	610126901	001	0
ttyp1602	610101028	001	0
ttyp4514	610522002	001	0
ttyp1772	610201001	001	0
ttyp1773	610201001	001	0
ttyp1774	610201001	001	0
ttyp1775	610201001	001	0
ttyp1776	610201002	001	0
ttyp1777	610201002	001	0
ttyp1780	610126002	001	0
ttyp1785	610101072	001	0
ttyp1779	610721021	001	0
ttyp1778	610721021	001	0
ttyp1790	610201009	001	0
ttyp1791	610201009	001	0
ttyp1793	610201009	001	0
ttyp1796	610201011	001	0
ttyp1797	610201011	001	0
ttyp1800	610201013	001	0
ttyp1801	610201013	001	0
ttyp1802	610201013	001	0
ttyp1803	610201014	001	0
ttyp1804	610201014	001	0
ttyp1809	610221002	001	0
ttyp3115	610501014	001	0
ttyp1820	610222002	001	0
ttyp1822	610201901	901	0
ttyp1828	610401901	901	0
ttyp1829	610401901	901	0
ttyp1830	610401901	901	0
ttyp1844	610401602	001	0
ttyp3804	610323010	001	0
ttyp1846	610401602	001	0
ttyp1847	610401013	001	0
ttyp1848	610401013	001	0
ttyp1849	610401013	001	0
ttyp1850	610401011	001	0
ttyp1851	610401011	001	0
ttyp1852	610401011	001	0
ttyp1854	610401015	001	0
ttyp1855	610401010	001	0
ttyp1864	610401012	001	0
ttyp1871	610401008	001	0
ttyp1872	610401008	001	0
ttyp1873	610401007	001	0
ttyp1881	610401003	001	0
ttyp1882	610401003	001	0
ttyp1884	610401005	001	0
ttyp1885	610401005	001	0
ttyp1886	610401601	001	0
ttyp1888	610401014	001	0
ttyp1889	610401014	001	0
ttyp1891	610401020	001	0
ttyp1892	610401017	001	0
ttyp1893	610401017	001	0
ttyp1894	610401017	001	0
ttyp1895	610401009	001	0
ttyp1896	610401009	001	0
ttyp1897	610401023	001	0
ttyp1898	610401023	001	0
ttyp1899	610401023	001	0
ttyp1905	610401604	001	0
ttyp1907	610401016	001	0
ttyp1909	610401605	001	0
ttyp1911	610401605	001	0
ttyp1914	610401018	001	0
ttyp1915	610401018	001	0
ttyp1916	610401018	001	0
ttyp1919	610481602	001	0
ttyp1920	610481008	001	0
ttyp1921	610481009	001	0
ttyp1923	610481005	001	0
ttyp1926	610481006	001	0
ttyp1927	610481007	001	0
ttyp1932	610481002	001	0
ttyp1934	610481003	001	0
ttyp1936	610481004	001	0
ttyp1937	610422007	001	0
ttyp1938	610422004	001	0
ttyp1939	610422009	001	0
ttyp1940	610422010	001	0
ttyp1941	610422011	001	0
ttyp1945	610422014	001	0
ttyp1946	610422013	001	0
ttyp1807	610425003	001	0
ttyp3811	610301018	001	0
ttyp1959	610422006	001	0
ttyp1960	610422002	001	0
ttyp1963	610422003	001	0
ttyp1964	610423006	001	0
ttyp1975	610423004	001	0
ttyp1976	610423004	001	0
ttyp1977	610423004	001	0
ttyp1983	610424004	001	0
ttyp1984	610424006	001	0
ttyp1985	610424006	001	0
ttyp1986	610424007	001	0
ttyp1987	610424008	001	0
ttyp1989	610424010	001	0
ttyp1990	610424012	001	0
ttyp1991	610424013	001	0
ttyp1992	610424014	001	0
ttyp1998	610424601	001	0
ttyp2000	610424005	001	0
ttyp2001	610424019	001	0
ttyp2002	610424019	001	0
ttyp2003	610424002	001	0
ttyp2004	610424002	001	0
ttyp2005	610424002	001	0
ttyp2006	610424003	001	0
ttyp2008	610425003	001	0
ttyp2009	610425006	001	0
ttyp2010	610425007	001	0
ttyp2016	610425601	001	0
ttyp2017	610425601	001	0
ttyp2026	610425602	001	0
ttyp2027	610425002	001	0
ttyp2028	610425002	001	0
ttyp2029	610425005	001	0
ttyp2030	610425004	001	0
ttyp2032	610426005	001	0
ttyp2033	610426007	001	0
ttyp2035	610426008	001	0
ttyp2036	610426008	001	0
ttyp2037	610426008	001	0
ttyp2038	610426008	001	0
ttyp2039	610426001	001	0
ttyp2040	610426001	001	0
ttyp2041	610426002	001	0
ttyp2042	610426006	001	0
ttyp2043	610426003	001	0
ttyp2044	610426004	001	0
ttyp2045	610427007	001	0
ttyp2046	610427006	001	0
ttyp2053	610427001	001	0
ttyp2054	610427001	001	0
ttyp2055	610427001	001	0
ttyp2056	610427003	001	0
ttyp2057	610427002	001	0
ttyp2058	610427004	001	0
ttyp2059	610427005	001	0
ttyp1782	610425002	001	0
ttyp1781	610728011	001	0
ttyp2072	610428002	001	0
ttyp2073	610428002	001	0
ttyp2074	610428003	001	0
ttyp2075	610428601	001	0
ttyp2076	610428004	001	0
ttyp2078	610429014	001	0
ttyp2081	610429006	001	0
ttyp2082	610429007	001	0
ttyp2084	610429008	001	0
ttyp2085	610429001	001	0
ttyp2086	610429002	001	0
ttyp2087	610429003	001	0
ttyp2088	610429004	001	0
ttyp2089	610429005	001	0
ttyp2095	610430002	001	0
ttyp2096	610430003	001	0
ttyp2097	610430004	001	0
ttyp2098	610430005	001	0
ttyp2119	610431006	001	0
ttyp2120	610431006	001	0
ttyp2121	610431003	001	0
ttyp2122	610431003	001	0
ttyp2123	610431004	001	0
ttyp2124	610431004	001	0
ttyp2397	610823001	001	0
ttyp2131	610524007	001	0
ttyp2132	610524007	001	0
ttyp2133	610524007	001	0
ttyp2135	610524006	001	0
ttyp2136	610524006	001	0
ttyp2137	610524008	001	0
ttyp2138	610524008	001	0
ttyp2139	610524009	001	0
ttyp2140	610524009	001	0
ttyp2141	610524010	001	0
ttyp2142	610524010	001	0
ttyp2143	610524011	001	0
ttyp2144	610524012	001	0
ttyp2145	610524013	001	0
ttyp2146	610524013	001	0
ttyp2147	610524014	001	0
ttyp2148	610524014	001	0
ttyp2149	610524015	001	0
ttyp2156	610525003	001	0
ttyp2157	610525002	001	0
ttyp2158	610525002	001	0
ttyp2159	610525004	001	0
ttyp2160	610525004	001	0
ttyp2161	610525005	001	0
ttyp2162	610525005	001	0
ttyp2163	610525006	001	0
ttyp2164	610525006	001	0
ttyp2165	610525006	001	0
ttyp2166	610525009	001	0
ttyp2167	610525009	001	0
ttyp2168	610525010	001	0
ttyp2169	610525010	001	0
ttyp2170	610525011	001	0
ttyp2171	610523001	001	0
ttyp2172	610523001	001	0
ttyp2173	610523001	001	0
ttyp2174	610523003	001	0
ttyp2175	610523003	001	0
ttyp2176	610523004	001	0
ttyp2177	610523004	001	0
ttyp2178	610523005	001	0
ttyp2179	610523005	001	0
ttyp2180	610523006	001	0
ttyp2181	610523006	001	0
ttyp2182	610523007	001	0
ttyp2183	610523007	001	0
ttyp2184	610523008	001	0
ttyp2185	610523008	001	0
ttyp2186	610523009	001	0
ttyp2187	610523009	001	0
ttyp2188	610523010	001	0
ttyp2189	610523010	001	0
ttyp2190	610523011	001	0
ttyp2191	610523011	001	0
ttyp2192	610523012	001	0
ttyp2193	610523012	001	0
ttyp2194	610523013	001	0
ttyp2195	610523013	001	0
ttyp2196	610523014	001	0
ttyp2197	610523014	001	0
ttyp2198	610526012	001	0
ttyp2199	610526012	001	0
ttyp2200	610526018	001	0
ttyp2201	610526018	001	0
ttyp2202	610526003	001	0
ttyp2203	610526003	001	0
ttyp2204	610526003	001	0
ttyp2205	610526003	001	0
ttyp2206	610526005	001	0
ttyp2207	610526005	001	0
ttyp2208	610526008	001	0
ttyp2209	610526008	001	0
ttyp2210	610526008	001	0
ttyp2211	610526007	001	0
ttyp2212	610526007	001	0
ttyp2217	610526016	001	0
ttyp2218	610526016	001	0
ttyp2219	610526017	001	0
ttyp2220	610526017	001	0
ttyp2221	610526015	001	0
ttyp2222	610526015	001	0
ttyp2223	610526014	001	0
ttyp2224	610526014	001	0
ttyp2225	610526004	001	0
ttyp2226	610526004	001	0
ttyp2227	610526004	001	0
ttyp2228	610526009	001	0
ttyp2229	610526013	001	0
ttyp2230	610526006	001	0
ttyp2231	610526006	001	0
ttyp2232	610526010	001	0
ttyp2233	610526010	001	0
ttyp2234	610528014	001	0
ttyp2235	610528005	001	0
ttyp2236	610528005	001	0
ttyp2237	610528015	001	0
ttyp2238	610528023	001	0
ttyp2239	610528012	001	0
ttyp2240	610528013	001	0
ttyp2241	610528009	001	0
ttyp2242	610528019	001	0
ttyp2243	610528011	001	0
ttyp2244	610528018	001	0
ttyp2246	610528003	001	0
ttyp2247	610528016	001	0
ttyp2249	610528010	001	0
ttyp2256	610528007	001	0
ttyp2257	610528002	001	0
ttyp2258	610528002	001	0
ttyp2259	610528008	001	0
ttyp2260	610528008	001	0
ttyp2261	610521002	001	0
ttyp2262	610521002	001	0
ttyp2264	610521003	001	0
ttyp2266	610521003	001	0
ttyp2267	610521003	001	0
ttyp2271	610521005	001	0
ttyp2272	610521005	001	0
ttyp2273	610521006	001	0
ttyp2274	610521006	001	0
ttyp2275	610521007	001	0
ttyp2276	610521007	001	0
ttyp2278	610521010	001	0
ttyp2279	610521011	001	0
ttyp2280	610521012	001	0
ttyp2281	610521013	001	0
ttyp2283	610582010	001	0
ttyp2285	610582004	001	0
ttyp2286	610582004	001	0
ttyp2289	610582003	001	0
ttyp2290	610582003	001	0
ttyp2291	610582003	001	0
ttyp2296	610582009	001	0
ttyp2297	610582009	001	0
ttyp2298	610582005	001	0
ttyp2299	610582005	001	0
ttyp2300	610582006	001	0
ttyp2301	610582006	001	0
ttyp2302	610582012	001	0
ttyp2303	610582012	001	0
ttyp4458	610327001	001	0
ttyp2306	610501005	001	0
ttyp2307	610501005	001	0
ttyp2308	610501006	001	0
ttyp2309	610501006	001	0
ttyp2310	610501007	001	0
ttyp2311	610501007	001	0
ttyp2312	610501008	001	0
ttyp2313	610501008	001	0
ttyp2314	610501009	001	0
ttyp2315	610501009	001	0
ttyp2316	610501010	001	0
ttyp2317	610501010	001	0
ttyp2320	610501012	001	0
ttyp2324	610501015	001	0
ttyp2325	610501015	001	0
ttyp2326	610501016	001	0
ttyp2327	610501016	001	0
ttyp2328	610501017	001	0
ttyp2329	610501017	001	0
ttyp2330	610501026	001	0
ttyp2338	610527004	001	0
ttyp2339	610527004	001	0
ttyp2340	610527003	001	0
ttyp2341	610527003	001	0
ttyp2342	610527007	001	0
ttyp2343	610527007	001	0
ttyp2344	610527002	001	0
ttyp2345	610527002	001	0
ttyp2346	610527002	001	0
ttyp2350	610522003	001	0
ttyp2351	610522003	001	0
ttyp2352	610522002	001	0
ttyp2353	610522002	001	0
ttyp2354	610581008	001	0
ttyp2355	610581004	001	0
ttyp2357	610581004	001	0
ttyp2358	610581003	001	0
ttyp2359	610581003	001	0
ttyp2360	610581003	001	0
ttyp2362	610581003	001	0
ttyp2363	610581011	001	0
ttyp2364	610581007	001	0
ttyp2365	610581007	001	0
ttyp2366	610581005	001	0
ttyp2367	610581005	001	0
ttyp2368	610581012	001	0
ttyp2369	610581012	001	0
ttyp2370	610581013	001	0
ttyp2371	610581013	001	0
ttyp2374	610581010	001	0
ttyp2375	610581010	001	0
ttyp2376	610581002	001	0
ttyp2377	610581002	001	0
ttyp2378	610581006	001	0
ttyp2379	610581006	001	0
ttyp2380	610581009	001	0
ttyp2413	610501901	001	0
ttyp2414	610501901	001	0
ttyp2478	610522901	001	0
ttyp2487	610526901	001	0
ttyp3805	610424010	001	0
ttyp2505	610601901	001	0
ttyp2520	610601004	001	0
ttyp2521	610601004	001	0
ttyp2522	610601005	001	0
ttyp2523	610601005	001	0
ttyp2524	610601005	001	0
ttyp2525	610601006	001	0
ttyp2526	610601006	001	0
ttyp2527	610601007	001	0
ttyp2528	610601007	001	0
ttyp2530	610601008	001	0
ttyp2531	610601009	001	0
ttyp2532	610601009	001	0
ttyp2533	610601010	001	0
ttyp2535	610601011	001	0
ttyp2537	610601012	001	0
ttyp2538	610601012	001	0
ttyp2539	610601013	001	0
ttyp2542	610601014	001	0
ttyp2546	610601016	001	0
ttyp2547	610601018	001	0
ttyp2548	610601019	001	0
ttyp2549	610601020	001	0
ttyp2550	610601022	001	0
ttyp2554	610626001	001	0
ttyp2558	610626001	001	0
ttyp2559	610626002	001	0
ttyp2561	610626005	001	0
ttyp2567	610625002	001	0
ttyp2569	610625003	001	0
ttyp2570	610625004	001	0
ttyp2575	610624002	001	0
ttyp2576	610624003	001	0
ttyp2577	610624004	001	0
ttyp2578	610624005	001	0
ttyp2581	610624007	001	0
ttyp2582	610624008	001	0
ttyp1050	610221002	001	0
ttyp2584	610624010	001	0
ttyp2588	610623001	001	0
ttyp2589	610623001	001	0
ttyp2590	610623002	001	0
ttyp2591	610623002	001	0
ttyp1017	610101047	001	0
ttyp1160	610701901	001	0
ttyp2597	610623004	001	0
ttyp2598	610623005	001	0
ttyp2599	610623006	001	0
ttyp2600	610623007	001	0
ttyp2601	610623008	001	0
ttyp2603	610621001	001	0
ttyp2604	610621001	001	0
ttyp2605	610621002	001	0
ttyp2606	610621002	001	0
ttyp2610	610621004	001	0
ttyp2611	610621004	001	0
ttyp2612	610621005	001	0
ttyp2613	610621006	001	0
ttyp2616	610622001	001	0
ttyp2617	610622002	001	0
ttyp2618	610622003	001	0
ttyp2621	610622005	001	0
ttyp2622	610622005	001	0
ttyp2623	610622006	001	0
ttyp2630	610632002	001	0
ttyp2631	610632002	001	0
ttyp2633	610632003	001	0
ttyp2634	610632003	001	0
ttyp2635	610632004	001	0
ttyp2636	610632005	001	0
ttyp2637	610632005	001	0
ttyp2638	610632005	001	0
ttyp2639	610632006	001	0
ttyp2643	610629002	001	0
ttyp2648	610629004	001	0
ttyp2649	610629005	001	0
ttyp2650	610629006	001	0
ttyp2651	610629006	001	0
ttyp2652	610629008	001	0
ttyp2653	610629010	001	0
ttyp2654	610629011	001	0
ttyp2655	610629012	001	0
ttyp1902	610323007	001	0
ttyp1901	610323007	001	0
ttyp2661	610628002	001	0
ttyp2662	610628003	001	0
ttyp1845	610301013	001	0
ttyp2664	610628004	001	0
ttyp2665	610628005	001	0
ttyp2666	610628006	001	0
ttyp2667	610628007	001	0
ttyp2669	610627001	001	0
ttyp2670	610627001	001	0
ttyp2672	610627002	001	0
ttyp2673	610627003	001	0
ttyp2676	610627005	001	0
ttyp2678	610631001	001	0
ttyp2679	610631001	001	0
ttyp2682	610631002	001	0
ttyp2684	610631003	001	0
ttyp2685	610631004	001	0
ttyp2686	610632010	001	0
ttyp2691	610630002	001	0
ttyp2692	610630003	001	0
ttyp2693	610630004	001	0
ttyp2694	610630005	001	0
ttyp2695	610701008	001	0
ttyp2696	610701012	001	0
ttyp2820	610723004	001	0
ttyp2699	610701025	001	0
ttyp2700	610701901	001	0
ttyp2701	610701901	001	0
ttyp2702	610701901	001	0
ttyp2703	610701001	001	0
ttyp2704	610701001	001	0
ttyp2706	610701008	001	0
ttyp2707	610701008	001	0
ttyp2709	610701013	001	0
ttyp2711	610701013	001	0
ttyp2712	610701010	001	0
ttyp2713	610701010	001	0
ttyp2714	610701007	001	0
ttyp2715	610701006	001	0
ttyp2716	610701019	001	0
ttyp2717	610701019	001	0
ttyp2718	610701023	001	0
ttyp2719	610701023	001	0
ttyp2720	610701018	001	0
ttyp2721	610701018	001	0
ttyp2722	610701025	001	0
ttyp2723	610701020	001	0
ttyp2724	610701020	001	0
ttyp2725	610701021	001	0
ttyp2726	610701022	001	0
ttyp2727	610701001	001	0
ttyp2729	610701033	001	0
ttyp2730	610701033	001	0
ttyp3062	610427002	001	0
ttyp2738	610721007	001	0
ttyp2739	610721007	001	0
ttyp2740	610721007	001	0
ttyp2741	610721003	001	0
ttyp2742	610721005	001	0
ttyp2745	610721002	001	0
ttyp2746	610721006	001	0
ttyp2747	610721006	001	0
ttyp2748	610721014	001	0
ttyp2749	610721013	001	0
ttyp2750	610721013	001	0
ttyp2753	610721011	001	0
ttyp2754	610721011	001	0
ttyp2766	610722004	001	0
ttyp2770	610722006	001	0
ttyp2772	610722007	001	0
ttyp2773	610722018	001	0
ttyp2774	610722017	001	0
ttyp2775	610722012	001	0
ttyp2777	610722012	001	0
ttyp2779	610722008	001	0
ttyp2780	610722011	001	0
ttyp2781	610722011	001	0
ttyp2782	610722009	001	0
ttyp2783	610722009	001	0
ttyp2784	610722009	001	0
ttyp2785	610722019	001	0
ttyp2786	610722013	001	0
ttyp2787	610722016	001	0
ttyp2788	610722015	001	0
ttyp2789	610722014	001	0
ttyp2790	610722020	001	0
ttyp2798	610725007	001	0
ttyp2799	610725007	001	0
ttyp1784	610425008	001	0
ttyp2805	610725005	001	0
ttyp2806	610725015	001	0
ttyp2807	610725011	001	0
ttyp2808	610725011	001	0
ttyp4123	610725010	001	0
ttyp2811	610725013	001	0
ttyp2812	610725013	001	0
ttyp2813	610725012	001	0
ttyp2814	610725012	001	0
ttyp2815	610725001	001	0
ttyp2821	610723005	001	0
ttyp2822	610723008	001	0
ttyp2823	610723006	001	0
ttyp2824	610723015	001	0
ttyp2825	610723010	001	0
ttyp2826	610723012	001	0
ttyp2827	610723014	001	0
ttyp2828	610723007	001	0
ttyp2829	610723002	001	0
ttyp2858	610101123	001	0
ttyp2837	610724005	001	0
ttyp2839	610724002	001	0
ttyp2840	610724003	001	0
ttyp2841	610724003	001	0
ttyp2842	610724007	001	0
ttyp2843	610724006	001	0
ttyp2844	610724011	001	0
ttyp2845	610724008	001	0
ttyp2846	610724012	001	0
ttyp2847	610724009	001	0
ttyp2849	610724010	001	0
ttyp1833	610124010	001	0
ttyp1834	610124002	001	0
ttyp2853	610727002	001	0
ttyp3030	610430004	001	0
ttyp2855	610727004	001	0
ttyp2856	610727004	001	0
ttyp2857	610727004	001	0
ttyp2860	610727007	001	0
ttyp2861	610727007	001	0
ttyp2862	610727003	001	0
ttyp2866	610727012	001	0
ttyp2867	610727011	001	0
ttyp2868	610727013	001	0
ttyp2869	610727010	001	0
ttyp2870	610727014	001	0
ttyp2873	610730003	001	0
ttyp2874	610730002	001	0
ttyp2877	610728001	001	0
ttyp2879	610728002	001	0
ttyp2881	610728003	001	0
ttyp2882	610728009	001	0
ttyp2883	610728010	001	0
ttyp2885	610728007	001	0
ttyp2886	610728013	001	0
ttyp2887	610728014	001	0
ttyp2890	610729002	001	0
ttyp2896	610726002	001	0
ttyp2897	610726002	001	0
ttyp2899	610726003	001	0
ttyp2900	610726003	001	0
ttyp2902	610726007	001	0
ttyp2903	610726007	001	0
ttyp2904	610726009	001	0
ttyp2905	610726009	001	0
ttyp2906	610726008	001	0
ttyp2907	610726005	001	0
ttyp2908	610726010	001	0
ttyp2909	610726011	001	0
ttyp2910	610701901	001	0
ttyp2911	610701901	001	0
ttyp2921	610701001	001	0
ttyp2928	610701012	001	0
ttyp2929	610701012	001	0
ttyp1103	610124006	001	0
ttyp2944	610701015	001	0
ttyp2945	610701015	001	0
ttyp2946	610701024	001	0
ttyp2947	610701024	001	0
ttyp2948	610721005	001	0
ttyp2951	610721002	001	0
ttyp2952	610721002	001	0
ttyp2953	610721006	001	0
ttyp2954	610721014	001	0
ttyp2955	610721002	001	0
ttyp2956	610721012	001	0
ttyp2957	610721012	001	0
ttyp2958	610721018	001	0
ttyp2959	610721018	001	0
ttyp2964	610725001	001	0
ttyp2965	610725006	001	0
ttyp2967	610725014	001	0
ttyp2968	610725014	001	0
ttyp2969	610101032	001	0
ttyp2971	610723011	001	0
ttyp2972	610723016	001	0
ttyp2974	610723009	001	0
ttyp2976	610724002	001	0
ttyp2977	610724008	001	0
ttyp2978	610724004	001	0
ttyp2980	610727007	001	0
ttyp2982	610728011	001	0
ttyp2983	610726012	001	0
ttyp2984	610726012	001	0
ttyp2988	610725015	001	0
ttyp1835	610124009	001	0
ttyp2992	610727002	001	0
ttyp2993	610727003	001	0
ttyp2994	610728008	001	0
ttyp3078	610521013	001	0
ttyp2996	610728012	001	0
ttyp3016	610801005	001	0
ttyp3017	610801005	001	0
ttyp3018	610801005	001	0
ttyp3025	610801007	001	0
ttyp3026	610801008	001	0
ttyp3027	610801008	001	0
ttyp3028	610801008	001	0
ttyp3029	610801009	001	0
ttyp3031	610801009	001	0
ttyp3036	610801011	001	0
ttyp3038	610801014	001	0
ttyp3039	610801014	001	0
ttyp3083	610501014	001	0
ttyp3045	610801018	001	0
ttyp3046	610801018	001	0
ttyp3047	610801019	001	0
ttyp3048	610801019	001	0
ttyp3049	610801901	901	0
ttyp1756	610122012	001	0
ttyp3050	610826003	001	0
ttyp1792	610721013	001	0
ttyp3060	610821003	001	0
ttyp3061	610821004	001	0
ttyp3179	610525005	001	0
ttyp3894	610321004	001	0
ttyp3066	610821007	001	0
ttyp3067	610821008	001	0
ttyp3068	610821008	001	0
ttyp3069	610821008	001	0
ttyp3070	610821008	001	0
ttyp3071	610821009	001	0
ttyp3073	610821010	001	0
ttyp3077	610821012	001	0
ttyp3171	610101072	001	0
ttyp3081	610821901	901	0
ttyp1036	610115013	001	0
ttyp1032	610101047	001	0
ttyp1120	610722013	001	0
ttyp3089	610822002	001	0
ttyp3090	610822002	001	0
ttyp3091	610822002	001	0
ttyp3092	610822003	001	0
ttyp3093	610822003	001	0
ttyp3094	610822004	001	0
ttyp3095	610822004	001	0
ttyp3096	610822004	001	0
ttyp3097	610822005	001	0
ttyp3098	610822005	001	0
ttyp3101	610822006	001	0
ttyp3102	610822006	001	0
ttyp3106	610823001	001	0
ttyp3107	610823001	001	0
ttyp3109	610823002	001	0
ttyp3110	610823002	001	0
ttyp3111	610823003	001	0
ttyp3112	610823003	001	0
ttyp3113	610823005	001	0
ttyp3114	610823005	001	0
ttyp3122	610824002	001	0
ttyp3123	610824002	001	0
ttyp3136	610723002	001	0
ttyp3126	610824003	001	0
ttyp3127	610824003	001	0
ttyp3128	610824003	001	0
ttyp3135	610430003	001	0
ttyp3130	610824004	001	0
ttyp3132	610425602	001	0
ttyp1837	610721003	001	0
ttyp3150	610825002	001	0
ttyp3151	610825002	001	0
ttyp3152	610825003	001	0
ttyp3153	610825003	001	0
ttyp3154	610825004	001	0
ttyp3155	610825004	001	0
ttyp3156	610825004	001	0
ttyp3157	610825005	001	0
ttyp3158	610825005	001	0
ttyp3165	610826007	001	0
ttyp3166	610826002	001	0
ttyp3167	610826002	001	0
ttyp3168	610826002	001	0
ttyp3895	610301022	001	0
ttyp3172	610826005	001	0
ttyp1079	610701025	001	0
ttyp3176	610827001	001	0
ttyp3177	610827001	001	0
ttyp3120	610501014	001	0
ttyp3180	610827002	001	0
ttyp3181	610827002	001	0
ttyp3183	610827003	001	0
ttyp3184	610827003	001	0
ttyp3186	610827004	001	0
ttyp3188	610827004	001	0
ttyp3195	610828002	001	0
ttyp3196	610828002	001	0
ttyp3197	610828003	001	0
ttyp3198	610828003	001	0
ttyp3199	610828004	001	0
ttyp3200	610828004	001	0
ttyp3201	610828901	901	0
ttyp3205	610829001	001	0
ttyp3206	610829006	001	0
ttyp3207	610829006	001	0
ttyp3226	610528014	001	0
ttyp3214	610830002	001	0
ttyp3215	610830003	001	0
ttyp3217	610830003	001	0
ttyp3220	610830005	001	0
ttyp3892	610424601	001	0
ttyp3231	610831005	001	0
ttyp3233	610831007	001	0
ttyp1111	610701020	001	0
ttyp3258	610901004	001	0
ttyp3259	610901004	001	0
ttyp3261	610901012	001	0
ttyp3262	610901012	001	0
ttyp3263	610901012	001	0
ttyp3266	610901014	001	0
ttyp3267	610901014	001	0
ttyp3269	610901008	001	0
ttyp3271	610901017	001	0
ttyp3273	610901002	001	0
ttyp3274	610901002	001	0
ttyp3275	610901003	001	0
ttyp3276	610901003	001	0
ttyp3277	610901009	001	0
ttyp3278	610901009	001	0
ttyp3279	610901009	001	0
ttyp3280	610901011	001	0
ttyp3282	610901013	001	0
ttyp3283	610901013	001	0
ttyp3284	610901013	001	0
ttyp3285	610901015	001	0
ttyp3286	610901016	001	0
ttyp3291	610929006	001	0
ttyp3292	610929003	001	0
ttyp3293	610929005	001	0
ttyp3295	610929008	001	0
ttyp3296	610929001	001	0
ttyp3298	610929002	001	0
ttyp3299	610929002	001	0
ttyp3300	610929002	001	0
ttyp3302	610925001	001	0
ttyp3303	610925001	001	0
ttyp3304	610925001	001	0
ttyp3305	610925002	001	0
ttyp3306	610925002	001	0
ttyp3307	610925003	001	0
ttyp3308	610925008	001	0
ttyp3309	610925007	001	0
ttyp3310	610925004	001	0
ttyp3311	610925010	001	0
ttyp3312	610925010	001	0
ttyp3313	610925011	001	0
ttyp3314	610925012	001	0
ttyp3316	610921001	001	0
ttyp3323	610921003	001	0
ttyp3324	610921003	001	0
ttyp3325	610921004	001	0
ttyp3326	610921004	001	0
ttyp3327	610921004	001	0
ttyp3329	610921005	001	0
ttyp3330	610921006	001	0
ttyp3331	610921006	001	0
ttyp3332	610921007	001	0
ttyp3333	610921007	001	0
ttyp3334	610921007	001	0
ttyp3340	610923006	001	0
ttyp3341	610923006	001	0
ttyp3342	610923002	001	0
ttyp3343	610923002	001	0
ttyp3346	610923005	001	0
ttyp3000	610428003	001	0
ttyp3355	610926003	001	0
ttyp3357	610926004	001	0
ttyp3358	610926004	001	0
ttyp3359	610926006	001	0
ttyp3360	610926006	001	0
ttyp3363	610926007	001	0
ttyp3365	610926008	001	0
ttyp3367	610926009	001	0
ttyp3369	610926010	001	0
ttyp3371	610926011	001	0
ttyp3373	610922009	001	0
ttyp3374	610922008	001	0
ttyp3376	610922006	001	0
ttyp3379	610922004	001	0
ttyp3380	610922011	001	0
ttyp3381	610922002	001	0
ttyp1736	610101091	001	0
ttyp3393	610928005	001	0
ttyp3394	610928006	001	0
ttyp3395	610928007	001	0
ttyp3397	610928009	001	0
ttyp3398	610928010	001	0
ttyp3399	610928011	001	0
ttyp3400	610928012	001	0
ttyp3401	610928013	001	0
ttyp1735	610101091	001	0
ttyp3409	610927002	001	0
ttyp3410	610927003	001	0
ttyp3416	610924002	001	0
ttyp3417	610924003	001	0
ttyp3419	610924004	001	0
ttyp3420	610924005	001	0
ttyp3423	610924007	001	0
ttyp3424	611001007	001	0
ttyp3425	611001007	001	0
ttyp3432	611001004	001	0
ttyp3437	611022003	001	0
ttyp3438	611022005	001	0
ttyp3440	611001005	001	0
ttyp3441	611001005	001	0
ttyp3442	611001008	001	0
ttyp3444	611022002	001	0
ttyp3446	611022004	001	0
ttyp3447	611022003	001	0
ttyp3449	611022002	001	0
ttyp3450	611001011	001	0
ttyp3452	611001009	001	0
ttyp3454	611022007	001	0
ttyp3456	611001013	001	0
ttyp3457	611001015	001	0
ttyp3458	611001014	001	0
ttyp3459	611001016	001	0
ttyp3460	611001012	001	0
ttyp3461	611022008	001	0
ttyp3462	611022006	001	0
ttyp3463	611021012	001	0
ttyp3464	611021010	001	0
ttyp3465	611021004	001	0
ttyp3466	611021007	001	0
ttyp3467	611021013	001	0
ttyp3468	611021006	001	0
ttyp3469	611021003	001	0
ttyp3470	611021017	001	0
ttyp3471	611021008	001	0
ttyp1071	610115603	001	0
ttyp3473	611021015	001	0
ttyp3474	611001901	001	0
ttyp3486	611023006	001	0
ttyp3487	611023005	001	0
ttyp3489	611025003	001	0
ttyp3490	611023004	001	0
ttyp3494	611021002	001	0
ttyp3495	611023002	001	0
ttyp1042	610115607	001	0
ttyp3497	611023002	001	0
ttyp3498	611024002	001	0
ttyp3500	611025002	001	0
ttyp3501	611026003	001	0
ttyp3502	611026002	001	0
ttyp3504	611023010	001	0
ttyp3505	611023008	001	0
ttyp3506	611024003	001	0
ttyp3509	611025009	001	0
ttyp3510	611025006	001	0
ttyp3511	611025008	001	0
ttyp3512	611025010	001	0
ttyp3513	611025013	001	0
ttyp3514	611025014	001	0
ttyp3515	611026010	001	0
ttyp3517	611023007	001	0
ttyp3519	611025002	001	0
ttyp3527	611025003	001	0
ttyp3531	611023003	001	0
ttyp3532	611024008	001	0
ttyp3533	611024004	001	0
ttyp3534	611024006	001	0
ttyp3535	611024005	001	0
ttyp3537	611024010	001	0
ttyp3538	611025005	001	0
ttyp3539	611025004	001	0
ttyp3541	611026009	001	0
ttyp3542	611026006	001	0
ttyp3543	611026005	001	0
ttyp3545	611026004	001	0
ttyp3546	611026008	001	0
ttyp1043	610115604	001	0
ttyp3550	610330001	001	0
ttyp3552	610301014	001	0
ttyp3553	610301002	001	0
ttyp3554	610301019	001	0
ttyp3555	610301018	001	0
ttyp3557	610301004	001	0
ttyp3560	610301007	001	0
ttyp3561	610301020	001	0
ttyp3562	610301001	001	0
ttyp3563	610301007	001	0
ttyp3564	610301018	001	0
ttyp3565	610301004	001	0
ttyp3568	610301007	001	0
ttyp3574	610323011	001	0
ttyp3576	610321014	001	0
ttyp3577	610322003	001	0
ttyp3579	610322005	001	0
ttyp3580	610323010	001	0
ttyp3582	610324008	001	0
ttyp3971	619901602	001	0
ttyp3586	610324009	001	0
ttyp3588	610323005	001	0
ttyp3589	610323005	001	0
ttyp3590	610323006	001	0
ttyp3592	610322003	001	0
ttyp3595	610326013	001	0
ttyp3596	610326013	001	0
ttyp3597	610328001	001	0
ttyp3599	610330002	001	0
ttyp3603	610330005	001	0
ttyp3604	610328004	001	0
ttyp3606	610327003	001	0
ttyp3607	610331006	001	0
ttyp3608	610331005	001	0
ttyp3611	610331001	001	0
ttyp3612	610327007	001	0
ttyp3613	610328002	001	0
ttyp3619	610330013	001	0
ttyp3620	610330012	001	0
ttyp3622	610322011	001	0
ttyp3623	610322008	001	0
ttyp3624	610301009	001	0
ttyp3625	610329002	001	0
ttyp3626	610321011	001	0
ttyp1628	610321012	001	0
ttyp3629	610328008	001	0
ttyp3630	610327008	001	0
ttyp3631	610326009	001	0
ttyp3632	610326007	001	0
ttyp3633	610301009	001	0
ttyp3637	610321004	001	0
ttyp3638	610301009	001	0
ttyp3639	610321013	001	0
ttyp3640	610321006	001	0
ttyp3641	610321011	001	0
ttyp3642	610321003	001	0
ttyp4003	610801009	001	0
ttyp3645	610301030	001	0
ttyp1235	610527004	001	0
ttyp1478	610628003	001	0
ttyp1169	610426002	001	0
ttyp3653	610301030	001	0
ttyp3656	610322002	001	0
ttyp3657	610301017	001	0
ttyp3660	610301901	001	0
ttyp3662	610301901	001	0
ttyp3664	610321901	001	0
ttyp3666	610301901	001	0
ttyp3667	610301901	001	0
ttyp3669	610301901	001	0
ttyp3670	610301901	001	0
ttyp3672	610327003	001	0
ttyp1117	610125018	001	0
ttyp3674	610301901	001	0
ttyp3680	610323002	001	0
ttyp1469	610101071	001	0
ttyp3683	610322006	001	0
ttyp3684	610324002	001	0
ttyp3687	610323010	001	0
ttyp3690	610301002	001	0
ttyp3695	610301005	001	0
ttyp3696	610301005	001	0
ttyp3698	610327003	001	0
ttyp3699	610327002	001	0
ttyp3700	610330003	001	0
ttyp3701	610324010	001	0
ttyp3702	610323003	001	0
ttyp1415	610401015	001	0
ttyp1203	610115016	001	0
ttyp3711	610301901	004	0
ttyp3712	610301013	001	0
ttyp3713	610301013	001	0
ttyp3715	610301001	001	0
ttyp3716	610301002	001	0
ttyp3717	610301018	001	0
ttyp3718	610301019	001	0
ttyp3720	610301023	001	0
ttyp3721	610301019	001	0
ttyp3725	610321005	001	0
ttyp3726	610324003	001	0
ttyp3727	610324004	001	0
ttyp3729	610322007	001	0
ttyp3730	610324007	001	0
ttyp3731	610323007	001	0
ttyp3732	610324008	001	0
ttyp3734	610328002	001	0
ttyp3735	610328001	001	0
ttyp3736	610328003	001	0
ttyp3737	610327003	001	0
ttyp3738	610327001	001	0
ttyp3741	610326003	001	0
ttyp3743	610326005	001	0
ttyp3745	610330002	001	0
ttyp3747	610331002	001	0
ttyp3748	610331004	001	0
ttyp3750	610331001	001	0
ttyp3752	610322008	001	0
ttyp3753	610324010	001	0
ttyp3754	610301022	001	0
ttyp1341	610401010	001	0
ttyp3756	610301021	001	0
ttyp1187	610126002	001	0
ttyp3758	610331003	001	0
ttyp3759	610322009	001	0
ttyp3760	610328008	001	0
ttyp3761	610301022	001	0
ttyp3762	610301021	001	0
ttyp3763	610330006	001	0
ttyp3766	610324009	001	0
ttyp3767	610321016	001	0
ttyp3769	610301030	001	0
ttyp3770	610301009	001	0
ttyp3775	610301030	001	0
ttyp3782	610327001	001	0
ttyp3783	610328008	001	0
ttyp1181	610401007	001	0
ttyp1194	610115016	001	0
ttyp3793	610324002	001	0
ttyp3795	610327001	001	0
ttyp3796	610322009	001	0
ttyp3797	610327004	001	0
ttyp3798	610321015	001	0
ttyp3799	610122006	001	0
ttyp3800	619901602	001	0
ttyp3801	619901602	001	0
ttyp3802	619901602	001	0
ttyp3807	610425601	001	0
ttyp3806	610424013	001	0
ttyp3808	619902901	001	0
ttyp3809	619901901	001	0
ttyp2596	610323006	001	0
ttyp3646	610323006	001	0
ttyp3652	610323005	001	0
ttyp3818	610101110	001	0
ttyp3819	610101110	001	0
ttyp3820	610101110	001	0
ttyp3822	610101121	001	0
ttyp3823	610101121	001	0
ttyp3824	610101116	001	0
ttyp3825	610101116	001	0
ttyp3827	610101118	001	0
ttyp3828	610101118	001	0
ttyp3829	610101118	001	0
ttyp3830	610101146	001	0
ttyp3832	610101021	001	0
ttyp3834	610101009	001	0
ttyp3835	610101141	001	0
ttyp4753	610101040	001	0
ttyp3839	610101040	001	0
ttyp3840	610101033	001	0
ttyp3841	610101039	001	0
ttyp3842	610101036	001	0
ttyp3845	610701015	001	0
ttyp3846	610724009	001	0
ttyp2804	610324004	001	0
ttyp2797	610324003	001	0
ttyp1827	610324002	001	0
ttyp3852	610723002	001	0
ttyp3855	610723005	001	0
ttyp3856	610723006	001	0
ttyp3858	610723007	001	0
ttyp3859	610723008	001	0
ttyp3860	610723009	001	0
ttyp3861	610723010	001	0
ttyp3862	610723011	001	0
ttyp3863	610723012	001	0
ttyp3864	610723014	001	0
ttyp3865	610723015	001	0
ttyp3866	610723015	001	0
ttyp3867	610723016	001	0
ttyp3868	610723017	001	0
ttyp2705	610115016	001	0
ttyp1003	610101129	001	0
ttyp3877	610901901	001	0
ttyp3878	610901009	001	0
ttyp3879	610923007	001	0
ttyp3880	610924008	001	0
ttyp3881	610924009	001	0
ttyp3882	610924011	001	0
ttyp3883	610924013	001	0
ttyp3886	610323003	001	0
ttyp3887	610330004	001	0
ttyp3888	610326002	001	0
ttyp1595	610101028	001	0
ttyp1587	610101028	001	0
ttyp3897	610901002	001	0
ttyp3898	610901003	001	0
ttyp3896	610321010	001	0
ttyp3904	610821005	001	0
ttyp3905	610826003	001	0
ttyp3899	610728029	001	0
ttyp1152	610101097	001	0
ttyp1563	610724008	001	0
ttyp3909	610321013	001	0
ttyp3910	610321011	001	0
ttyp3912	610321012	001	0
ttyp1354	610301023	001	0
ttyp3916	610101901	901	0
ttyp1153	610721005	001	0
ttyp3919	610901901	901	0
ttyp3921	610116008	001	0
ttyp3925	610622001	001	0
ttyp3931	610124003	001	0
ttyp3932	610101139	001	0
ttyp1000	610722020	001	0
ttyp3956	610322011	001	0
ttyp1561	610101103	001	0
ttyp1559	610101103	001	0
ttyp1555	610101045	001	0
ttyp1115	610101043	001	0
ttyp3963	611024006	001	0
ttyp3966	610631003	001	0
ttyp3968	610925002	001	0
ttyp3970	610701013	001	0
ttyp3974	610301009	001	0
ttyp3975	610301009	001	0
ttyp1550	610101042	001	0
ttyp1549	610124015	001	0
ttyp3573	610424004	001	0
ttyp1485	610101084	001	0
ttyp1495	610425004	001	0
ttyp3985	610321005	001	0
ttyp1034	610422003	001	0
ttyp1417	610423002	001	0
ttyp1410	610523013	001	0
ttyp3995	610326007	001	0
ttyp3996	610326003	001	0
ttyp3997	610326004	001	0
ttyp1023	610422009	001	0
ttyp3082	610501014	001	0
ttyp4012	610801009	001	0
ttyp4022	610901004	001	0
ttyp4025	610327002	001	0
ttyp4028	611022005	001	0
ttyp4029	611025003	001	0
ttyp4030	610422002	001	0
ttyp4040	610581012	001	0
ttyp4042	610581006	001	0
ttyp4049	610501012	001	0
ttyp4051	610582008	001	0
ttyp4053	610526007	001	0
ttyp4055	610526009	001	0
ttyp4056	610327001	001	0
ttyp4057	610327008	001	0
ttyp4058	610327004	001	0
ttyp4059	610327007	001	0
ttyp4060	610321015	001	0
ttyp4061	610321016	001	0
ttyp4063	610521011	001	0
ttyp4064	610430005	001	0
ttyp4065	610430002	001	0
ttyp4067	610328004	001	0
ttyp4068	610328008	001	0
ttyp4070	610329002	001	0
ttyp4071	610331001	001	0
ttyp4072	610221003	001	0
ttyp4073	610331006	001	0
ttyp1783	610425002	001	0
ttyp4493	610524011	001	0
ttyp4496	610524012	001	0
ttyp4509	610324004	001	0
ttyp4510	610324010	001	0
ttyp4511	610324009	001	0
ttyp4515	610101057	001	0
ttyp4517	610101057	001	0
ttyp4518	610101057	001	0
ttyp4519	610101057	001	0
ttyp4520	610101057	001	0
ttyp1162	610101090	001	0
ttyp1236	610629010	001	0
ttyp1239	610629011	001	0
ttyp1264	610630003	001	0
ttyp1265	610630005	001	0
ttyp1063	610821009	001	0
ttyp1296	610821010	001	0
ttyp1299	610821012	001	0
ttyp1303	610821003	001	0
ttyp1318	610821004	001	0
ttyp1331	610821007	001	0
ttyp1335	610821005	001	0
ttyp1342	610821005	001	0
ttyp4546	610427007	001	0
ttyp4547	610427004	001	0
ttyp4548	610427006	001	0
ttyp4549	610427003	001	0
ttyp4550	610427003	001	0
ttyp4553	611001901	001	0
ttyp3876	610201009	001	0
ttyp3875	610724006	001	0
ttyp3803	610323005	001	0
ttyp4565	610328001	001	0
ttyp4566	610301023	001	0
ttyp2565	610625001	001	0
ttyp1185	610101075	001	0
ttyp3874	610724004	001	0
ttyp3873	610724010	001	0
ttyp4579	610625010	001	0
ttyp4580	610431004	001	0
ttyp4581	610431006	001	0
ttyp4582	610431003	001	0
ttyp4585	610301014	001	0
ttyp4586	610301014	001	0
ttyp4074	610328003	001	0
ttyp4075	610201901	001	0
ttyp4081	610201901	001	0
ttyp4082	610201901	001	0
ttyp4083	610201901	001	0
ttyp4084	610101163	001	0
ttyp4085	610101163	001	0
ttyp4086	610101163	001	0
ttyp4087	610101163	001	0
ttyp4113	610481006	001	0
ttyp4116	610481009	001	0
ttyp4117	610481010	001	0
ttyp4125	619901901	001	0
ttyp4133	610528013	001	0
ttyp4134	610528012	001	0
ttyp4146	610525003	001	0
ttyp4154	610401020	001	0
ttyp4152	610324003	001	0
ttyp4160	610324007	001	0
ttyp4161	610323003	001	0
ttyp4167	610701024	001	0
ttyp4168	610701006	001	0
ttyp4169	610701020	001	0
ttyp4170	610431011	001	0
ttyp4171	610431011	001	0
ttyp4172	610431011	001	0
ttyp4173	610431011	001	0
ttyp4180	611022009	001	0
ttyp4182	610101016	001	0
ttyp4184	610101017	001	0
ttyp4185	610101017	001	0
ttyp1824	610324003	001	0
ttyp4190	610623004	001	0
ttyp4192	610627003	001	0
ttyp4195	610322011	001	0
ttyp4197	610301001	001	0
ttyp4198	610326008	001	0
ttyp4199	610326009	001	0
ttyp4200	610323011	001	0
ttyp4201	610321003	001	0
ttyp4202	610321006	001	0
ttyp4203	610321010	001	0
ttyp4206	610301009	001	0
ttyp4207	610322007	001	0
ttyp4209	610322006	001	0
ttyp4210	610322005	001	0
ttyp4212	610322002	001	0
ttyp4208	610601028	001	0
ttyp4213	610727002	001	0
ttyp4215	610726005	001	0
ttyp4218	610582011	001	0
ttyp4219	611024002	001	0
ttyp4220	611023003	001	0
ttyp4221	611022002	001	0
ttyp4222	611001011	001	0
ttyp4223	611001011	001	0
ttyp1537	610726003	001	0
ttyp1536	610726004	001	0
ttyp1534	610726005	001	0
ttyp1528	610726008	001	0
ttyp1533	610726010	001	0
ttyp1251	610126007	001	0
ttyp1250	610126003	001	0
ttyp4237	610422012	001	0
ttyp4238	610422011	001	0
ttyp4240	610826003	001	0
ttyp4242	610101041	001	0
ttyp4243	610101048	001	0
ttyp4244	610101048	001	0
ttyp4245	610101048	001	0
ttyp4248	610101055	001	0
ttyp4246	610101041	001	0
ttyp4249	610101055	001	0
ttyp1832	610124006	001	0
ttyp1831	610124011	001	0
ttyp4257	610901012	001	0
ttyp4258	610526016	001	0
ttyp4260	610581002	001	0
ttyp4262	610581013	001	0
ttyp4263	610523001	001	0
ttyp4264	610526013	001	0
ttyp1806	610301013	001	0
ttyp1101	610422014	001	0
ttyp4273	610101060	001	0
ttyp4274	610101060	001	0
ttyp4277	610101062	001	0
ttyp4278	610101092	001	0
ttyp4280	610124005	001	0
ttyp4281	610101082	001	0
ttyp4282	610124012	001	0
ttyp4283	610101149	001	0
ttyp4284	610127007	001	0
ttyp4286	610115010	001	0
ttyp4287	610115015	001	0
ttyp4288	610115009	001	0
ttyp4289	610101137	001	0
ttyp4290	610101102	001	0
ttyp4291	610101102	001	0
ttyp4295	610101071	001	0
ttyp4297	610115008	001	0
ttyp4276	610101062	001	0
ttyp4279	610101164	001	0
ttyp4298	610101164	001	0
ttyp4299	610101164	001	0
ttyp4300	610324002	001	0
ttyp4306	619901602	001	0
ttyp4307	619901602	001	0
ttyp4308	610401005	001	0
ttyp4309	610401019	001	0
ttyp4313	610701018	001	0
ttyp4314	610701010	001	0
ttyp4316	610701033	001	0
ttyp1903	610323010	001	0
ttyp4324	610525011	001	0
ttyp4325	611021002	001	0
ttyp4326	611021002	001	0
ttyp4327	611021002	001	0
ttyp4331	610526005	001	0
ttyp1788	610425006	001	0
ttyp1787	610425008	001	0
ttyp4337	610826002	001	0
ttyp1493	610582007	001	0
ttyp1506	610582010	001	0
ttyp4360	619901602	001	0
ttyp4361	611021008	001	0
ttyp4362	611021012	001	0
ttyp4363	611001004	001	0
ttyp4364	610101112	001	0
ttyp4365	610101112	001	0
ttyp4366	610101112	001	0
ttyp4368	610101134	001	0
ttyp4372	611025009	001	0
ttyp4373	611001007	001	0
ttyp4374	611021013	001	0
ttyp4375	611021010	001	0
ttyp4376	611023004	001	0
ttyp4380	611001008	001	0
ttyp4381	611001005	001	0
ttyp4382	611023005	001	0
ttyp4384	611021012	001	0
ttyp4385	611021006	001	0
ttyp4386	611021006	001	0
ttyp1110	610701022	001	0
ttyp4388	610422010	001	0
ttyp4390	610422007	001	0
ttyp4391	610422013	001	0
ttyp4393	610401008	001	0
ttyp4394	610401012	001	0
ttyp4395	610422006	001	0
ttyp4396	610428004	001	0
ttyp1062	611026002	001	0
ttyp4399	610901015	001	0
ttyp3849	610725005	001	0
ttyp3991	610101072	001	0
ttyp3998	610101022	001	0
ttyp4009	610101022	001	0
ttyp4054	610101022	001	0
ttyp4179	610101022	001	0
ttyp4189	610425005	001	0
ttyp4269	610427001	001	0
ttyp4351	610425004	001	0
ttyp4352	610125004	001	0
ttyp4406	610126006	001	0
ttyp4408	610126006	001	0
ttyp4410	610101081	001	0
ttyp4411	610101081	001	0
ttyp4412	610101081	001	0
ttyp1016	610101129	001	0
ttyp4415	610124002	001	0
ttyp4418	610114006	001	0
ttyp4427	610521002	001	0
ttyp4428	610524007	001	0
ttyp4437	610429007	001	0
ttyp4444	610429006	001	0
ttyp4443	610429004	001	0
ttyp4445	610429005	001	0
ttyp4438	610424005	001	0
ttyp4439	610424005	001	0
ttyp4440	610424005	001	0
ttyp3812	610301017	001	0
ttyp3813	610301017	001	0
ttyp3814	610301017	001	0
ttyp4275	610301020	001	0
ttyp4451	610301020	001	0
ttyp4452	610301021	001	0
ttyp4453	610301021	001	0
ttyp4454	610301022	001	0
ttyp4457	610301013	001	0
ttyp2304	610301014	001	0
ttyp4460	610601028	001	0
ttyp4461	610201002	001	0
ttyp1826	610821008	001	0
ttyp4464	610322006	001	0
ttyp4465	610322002	001	0
ttyp4543	610330001	001	0
ttyp4559	610330001	001	0
ttyp4561	610330004	001	0
ttyp4577	610330012	001	0
ttyp4578	610330005	001	0
ttyp4587	610330003	001	0
ttyp4592	610601022	001	0
ttyp4595	610101010	001	0
ttyp4598	610101097	001	0
ttyp4596	610101010	001	0
ttyp4601	610101052	001	0
ttyp4603	610101052	001	0
ttyp4604	610101052	001	0
ttyp4605	610101052	001	0
ttyp4606	610722029	001	0
ttyp4607	610722029	001	0
ttyp4608	610501026	001	0
ttyp4609	610501026	001	0
ttyp4610	610501026	001	0
ttyp4611	610722029	001	0
ttyp4615	610830002	001	0
ttyp4616	610401014	001	0
